
130   138     0.113  -0.077  0.078  -0.074  1.154  0.003  -0.002  0.025  -0.021       1.66E-03     1.16E-01   0.0937
130.5 136.908 0.113  -0.076  0.078  -0.074  1.1478  0.003  -0.002  0.025  -0.021      1.75E-03     1.16E-01   0.0937
131   135.9   0.113  -0.076  0.078  -0.074  1.143  0.003  -0.002  0.025  -0.021       1.84E-03     1.17E-01   0.0937
131.5 134.85  0.113  -0.077  0.078  -0.074  1.137  0.004  -0.002  0.025  -0.021       1.94E-03     1.17E-01   0.0937
132   133.8   0.113  -0.077  0.078  -0.074  1.132  0.004  -0.002  0.025  -0.021       2.04E-03     1.18E-01   0.0937
132.5 132.603 0.112  -0.075  0.078  -0.07414  1.1253  0.004  -0.00186  0.025 -0.021   2.14E-03     1.18E-01   0.0937
133   131.7   0.112  -0.075  0.078  -0.075  1.121  0.004  -0.001  0.025  -0.021       2.25E-03     1.19E-01   0.0937
133.5 130.587 0.11194  -0.07506  0.078  -0.075  1.1147  0.004  -0.001  0.02506 -0.021 2.37E-03     1.19E-01   0.0937
134   129.6   0.111  -0.076  0.078  -0.075  1.11  0.004  -0.001  0.026  -0.021        2.49E-03     1.20E-01   0.0937
134.5 128.361 0.111  -0.076  0.078  -0.075  1.1041  0.00418  -0.001  0.026  -0.021    2.62E-03     1.20E-01   0.0937
135   127.5   0.111  -0.076  0.078  -0.075  1.1  0.005  -0.001  0.026  -0.021         2.76E-03     1.20E-01   0.0937
135.5 126.387 0.111  -0.076  0.078  -0.075  1.0947  0.004  -0.001  0.026  -0.021      2.90E-03     1.20E-01   0.0937
136   125.4   0.111  -0.076  0.078  -0.075  1.09  0.004  -0.001  0.026  -0.021        3.05E-03     1.21E-01   0.0937
136.5 124.203 0.111  -0.075  0.078  -0.075  1.0843  0.004  -0.001  0.026  -0.021      3.20E-03     1.21E-01   0.0937
137   123.3   0.111  -0.075  0.078  -0.075  1.08  0.004  -0.001  0.026  -0.021        3.37E-03     1.21E-01   0.0937
137.5 122.25  0.109  -0.076  0.078  -0.074  1.076  0.003  -0.001  0.026  -0.021       3.54E-03     1.21E-01   0.0937
138   121.2   0.11  -0.074  0.078  -0.075  1.071  0.003  -0.001  0.026  -0.021        3.72E-03     1.21E-01   0.0937
138.5 120.15  0.11  -0.074  0.078  -0.075  1.066  0.003  -0.001  0.026  -0.021        3.91E-03     1.21E-01   0.0937
139   119.1   0.11  -0.074  0.078  -0.075  1.062  0.002  -0.001  0.026  -0.021        4.11E-03     1.21E-01   0.0937
139.5 118.05  0.11  -0.074  0.078  -0.075  1.057  0.002  -0.002  0.026  -0.021        4.32E-03     1.21E-01   0.0937
140   117     0.11  -0.074  0.078  -0.075  1.052  0.002  -0.002  0.026  -0.021        4.54E-03     1.21E-01   0.0937
141   115     0.11  -0.074  0.078  -0.075  1.043  0.002  -0.001  0.026  -0.021        5.02E-03     1.21E-01   0.0937
142   113     0.11  -0.074  0.078  -0.075  1.033  0.003  -0.001  0.027  -0.021        5.55E-03     1.20E-01   0.0937
143   111     0.109  -0.074  0.078  -0.076  1.023  0.003  -0.001  0.027  -0.021       6.14E-03     1.20E-01   0.0937
144   109     0.109  -0.074  0.078  -0.076  1.013  0.004  -0.001  0.027  -0.021       6.80E-03     1.19E-01   0.0937
145   107     0.109  -0.074  0.078  -0.076  1.004  0.004  -0  0.027  -0.021           7.54E-03     1.17E-01   0.0937
146   105.44  0.109  -0.074  0.078  -0.076  0.9951  0.004  -0.001  0.027  -0.021      8.37E-03     1.16E-01   0.0937
147   103.88  0.109  -0.074  0.078  -0.076  0.9866  0.003  -0.001  0.027  -0.021      9.31E-03     1.14E-01   0.0937
148   102.32  0.109  -0.072  0.078  -0.077  0.9782  0.003  -0.001  0.027  -0.021      1.04E-02     1.12E-01   0.0937
149   100.76  0.109  -0.072  0.078  -0.077  0.9699  0.003  -0.001  0.027  -0.021      1.16E-02     1.10E-01   0.0937
150   99.2    0.109  -0.072  0.078  -0.077  0.9617  0.002  -0.001  0.027  -0.021      1.30E-02     1.07E-01   0.0937
151   97.6    0.109  -0.072  0.078  -0.077  0.9529  0.002  -0.001  0.027  -0.021      1.47E-02     1.04E-01   0.0937
152   96.1    0.108  -0.073  0.078  -0.077  0.9441  0.003  -0.001  0.028  -0.021      1.66E-02     1.01E-01   0.0937
153   94.6    0.109  -0.072  0.077  -0.077  0.9353  0.003  -0.001  0.028  -0.021      1.89E-02     9.65E-02   0.0937
154   93.1    0.108  -0.072  0.077  -0.077  0.9266  0.003  -0.001  0.028  -0.021      2.17E-02     9.18E-02   0.0937
155   91.7    0.108  -0.073  0.077  -0.077  0.918  0.003  -0  0.028  -0.021           2.52E-02     8.64E-02   0.0937
156   90.2    0.109  -0.073  0.077  -0.077  0.9095  0.003  -0.001  0.028  -0.021      2.96E-02     8.02E-02   0.0937
157   88.7    0.109  -0.073  0.077  -0.077  0.9013  0.002  -0.001  0.028  -0.021      3.55E-02     7.30E-02   0.0937
158   87.3    0.109  -0.072  0.077  -0.078  0.8934  0.002  -0.001  0.028  -0.021      4.37E-02     6.48E-02   0.0937
159   85.8    0.109  -0.072  0.077  -0.078  0.8859  0.001  -0.002  0.028  -0.021      5.57E-02     5.55E-02   0.0937
160   84.5    0.109  -0.072  0.077  -0.078  0.8787  0.001  -0.002  0.028  -0.021      7.40E-02     4.57E-02   0.0937
162   82.1    0.108  -0.071  0.077  -0.078  0.8676  0.001  -0.002  0.029  -0.021      1.33E-01     3.05E-02   0.0937
164   79.8    0.105  -0.069  0.077  -0.079  0.8571  0.002  -0.001  0.029  -0.021      1.97E-01     2.47E-02   0.0937
