110   199     0.125  -0.082  0.079  -0.071  1.398  0.005  -0.002  0.023  -0.021  3.73703e-06  0.000583  0.0937
110.5 197.178 0.125  -0.082  0.079  -0.071  1.3905  0.004928  -0.002  0.023  -0.021  4.48819e-06  0.00069392  0.0937
111   195.6   0.124  -0.082  0.079  -0.071  1.384  0.004  -0.002  0.023  -0.021  5.13846e-06  0.000788349  0.0937
111.5 193.594 0.124  -0.082  0.079  -0.071  1.37674  0.004  -0.002  0.023  -0.021  5.9653e-06  0.000906343  0.0937
112   192.2   0.124  -0.082  0.079  -0.071  1.371  0.004  -0.002  0.023  -0.021  6.53988e-06  0.000987003  0.0937
112.5 190.231 0.123  -0.081  0.079  -0.071158  1.36305  0.003  -0.002  0.023  -0.021  7.35131e-06  0.00109909  0.0937
113   188.8   0.123  -0.081  0.079  -0.072  1.358  0.003  -0.002  0.023  -0.021  7.94131e-06  0.00117929  0.0937
113.5 187.1   0.123  -0.081  0.079  -0.072  1.351  0.003  -0.002  0.023  -0.021  8.64202e-06  0.00127313  0.0937
114   185.4   0.122  -0.081  0.079  -0.072  1.345  0.003  -0.002  0.023  -0.021  9.34274e-06  0.0013655  0.0937
114.5 183.506 0.121  -0.081  0.079  -0.072  1.3382  0.002  -0.002  0.023  -0.021  1.01233e-05  0.00146669  0.0937
115   182     0.121  -0.081  0.079  -0.072  1.332  0.002  -0.002  0.023  -0.021  1.07442e-05  0.00154592  0.0937
115.5 180.106 0.121  -0.081  0.079  -0.072  1.3252  0.002  -0.002  0.024  -0.021  1.15248e-05  0.00164401  0.0937
116   178.6   0.121  -0.081  0.079  -0.072  1.319  0.002  -0.002  0.024  -0.021  1.21456e-05  0.00172083  0.0937
116.5 176.9   0.120  -0.081  0.079  -0.072  1.313  0.002  -0.003  0.024  -0.021  1.28463e-05  0.00180629  0.0937
117   175.2   0.120  -0.08  0.079  -0.072  1.307  0.003  -0.003  0.024  -0.021  1.3547e-05  0.00189046  0.0937
117.5 173.5   0.120  -0.079  0.079  -0.072  1.3  0.003  -0.003  0.024  -0.021  1.42477e-05  0.00197337  0.0937
118   171.8   0.120  -0.079  0.078  -0.072  1.294  0.003  -0.003  0.024  -0.021  1.49484e-05  0.00205505  0.0937
118.5 170.1   0.120  -0.079  0.078  -0.072  1.288  0.003  -0.003  0.024  -0.021  1.56492e-05  0.00213553  0.0937
119   168.4   0.119  -0.079  0.078  -0.072  1.282  0.003  -0.003  0.024  -0.021  1.63499e-05  0.00221483  0.0937
119.5 166.53  0.119  -0.079  0.078  -0.072  1.2753  0.003  -0.0031  0.024  -0.021  1.71207e-05  0.00230073  0.0937
120   165     0.119  -0.079  0.078  -0.072  1.269  0.003  -0.004  0.024  -0.021  1.77513e-05  0.00237  0.0937
120.5 163.623 0.119  -0.079  0.078  -0.072  1.26288  0.003  -0.003  0.024  -0.021  2.0085e-05  0.00265572  0.0937
121   162.3   0.119  -0.079  0.078  -0.072  1.257  0.003  -0.003  0.024  -0.021  2.23272e-05  0.00292509  0.0937
121.5 160.95  0.118  -0.079  0.078  -0.072  1.251  0.003  -0.003  0.024  -0.021  2.46152e-05  0.00319491  0.0937
122   159.6   0.118  -0.079  0.078  -0.072  1.246  0.003  -0.003  0.024  -0.021  2.69031e-05  0.00345976  0.0937
122.5 158.25  0.118  -0.078  0.078  -0.073  1.24  0.003  -0.003  0.024  -0.021  2.91911e-05  0.00371979  0.0937
123   156.9   0.117  -0.078  0.078  -0.073  1.234  0.003  -0.003  0.024  -0.021  3.1479e-05  0.00397513  0.0937
123.5 155.415 0.117  -0.078  0.078  -0.073  1.2274  0.003  -0.003  0.025  -0.021  3.39958e-05  0.00425072  0.0937
124   154.2   0.117  -0.078  0.078  -0.073  1.222  0.003  -0.003  0.025  -0.021  3.60549e-05  0.00447221  0.0937
124.5 152.823 0.117  -0.078  0.078  -0.073  1.2159  0.003  -0.003  0.025  -0.021  3.83887e-05  0.00471899  0.0937
125   151.5   0.117  -0.078  0.078  -0.073  1.211  0.003  -0.003  0.025  -0.021  4.06309e-05  0.00495196  0.0937
125.5 150.15  0.117  -0.078  0.078  -0.073  1.205  0.003  -0.003  0.025  -0.021  4.29188e-05  0.00518562  0.0937
126   148.8   0.116  -0.078  0.078  -0.073  1.199  0.003  -0.003  0.025  -0.021  4.52068e-05  0.00541528  0.0937
126.5 147.423 0.116  -0.078  0.078  -0.073  1.1929  0.003  -0.00298  0.025  -0.021  4.75405e-05  0.00564551  0.0937
127   146.1   0.116  -0.078  0.078  -0.073  1.188  0.003  -0.002  0.025  -0.021  4.97827e-05  0.00586299  0.0937
127.5 144.75  0.115  -0.078  0.078  -0.074  1.182  0.003  -0.002  0.025  -0.021  5.20706e-05  0.00608124  0.0937
128   143.4   0.115  -0.077  0.078  -0.074  1.176  0.003  -0.002  0.025  -0.021  5.43586e-05  0.00629587  0.0937
128.5 141.942 0.115  -0.077  0.078  -0.074  1.17052  0.003  -0.002  0.025  -0.021  5.68296e-05  0.00652372  0.0937
129   140.7   0.115  -0.077  0.078  -0.074  1.165  0.003  -0.002  0.025  -0.021  5.89345e-05  0.00671465  0.0937
129.5 139.161 0.113  -0.077  0.078  -0.074  1.1583  0.003  -0.002  0.025  -0.021  6.15428e-05  0.0069473  0.0937
130   138     0.113  -0.077  0.078  -0.074  1.154  0.003  -0.002  0.025  -0.021  6.35104e-05  0.00712  0.0937
130.5 136.908 0.113  -0.076  0.078  -0.074  1.1478  0.003  -0.002  0.025  -0.021  6.99048e-05  0.00773852  0.0937
131   135.9   0.113  -0.076  0.078  -0.074  1.143  0.003  -0.002  0.025  -0.021  7.58074e-05  0.00829584  0.0937
131.5 134.85  0.113  -0.077  0.078  -0.074  1.137  0.004  -0.002  0.025  -0.021  8.19558e-05  0.00886297  0.0937
132   133.8   0.113  -0.077  0.078  -0.074  1.132  0.004  -0.002  0.025  -0.021  8.81043e-05  0.00941688  0.0937
132.5 132.603 0.112  -0.075  0.078  -0.07414  1.1253  0.004  -0.00186  0.025  -0.021  9.51136e-05  0.0100328  0.0937
133   131.7   0.112  -0.075  0.078  -0.075  1.121  0.004  -0.001  0.025  -0.021  0.000100401  0.0104869  0.0937
133.5 130.587 0.11194  -0.07506  0.078  -0.075  1.1147  0.004  -0.001  0.02506  -0.021  0.000106919  0.0110344  0.0937
134   129.6   0.111  -0.076  0.078  -0.075  1.11  0.004  -0.001  0.026  -0.021  0.000112698  0.0115092  0.0937
134.5 128.361 0.111  -0.076  0.078  -0.075  1.1041  0.00418  -0.001  0.026  -0.021  0.000119953  0.0120913  0.0937
135   127.5   0.111  -0.076  0.078  -0.075  1.1  0.005  -0.001  0.026  -0.021  0.000124995  0.012487  0.0937
135.5 126.387 0.111  -0.076  0.078  -0.075  1.0947  0.004  -0.001  0.026  -0.021  0.000131513  0.0129882  0.0937
136   125.4   0.111  -0.076  0.078  -0.075  1.09  0.004  -0.001  0.026  -0.021  0.000137292  0.0134232  0.0937
136.5 124.203 0.111  -0.075  0.078  -0.075  1.0843  0.004  -0.001  0.026  -0.021  0.000144301  0.0139391  0.0937
137   123.3   0.111  -0.075  0.078  -0.075  1.08  0.004  -0.001  0.026  -0.021  0.000149589  0.0143202  0.0937
137.5 122.25  0.109  -0.076  0.078  -0.074  1.076  0.003  -0.001  0.026  -0.021  0.000155738  0.0147549  0.0937
138   121.2   0.11  -0.074  0.078  -0.075  1.071  0.003  -0.001  0.026  -0.021  0.000161886  0.0151806  0.0937
138.5 120.15  0.11  -0.074  0.078  -0.075  1.066  0.003  -0.001  0.026  -0.021  0.000168035  0.0155977  0.0937
139   119.1   0.11  -0.074  0.078  -0.075  1.062  0.002  -0.001  0.026  -0.021  0.000174183  0.0160065  0.0937
139.5 118.05  0.11  -0.074  0.078  -0.075  1.057  0.002  -0.002  0.026  -0.021  0.000180332  0.0164072  0.0937
140   117     0.11  -0.074  0.078  -0.075  1.052  0.002  -0.002  0.026  -0.021  0.00018648  0.0168  0.0937
141   115     0.11  -0.074  0.078  -0.075  1.043  0.002  -0.001  0.026  -0.021  0.0002096  0.0183217  0.0937
142   113     0.11  -0.074  0.078  -0.075  1.033  0.003  -0.001  0.027  -0.021  0.00023272  0.0197555  0.0937
143   111     0.109  -0.074  0.078  -0.076  1.023  0.003  -0.001  0.027  -0.021  0.00025584  0.0211089  0.0937
144   109     0.109  -0.074  0.078  -0.076  1.013  0.004  -0.001  0.027  -0.021  0.00027896  0.0223884  0.0937
145   107     0.109  -0.074  0.078  -0.076  1.004  0.004  -0  0.027  -0.021  0.00030208  0.0236  0.0937
146   105.44  0.109  -0.074  0.078  -0.076  0.9951  0.004  -0.001  0.027  -0.021  0.000337454  0.0252964  0.0937
147   103.88  0.109  -0.074  0.078  -0.076  0.9866  0.003  -0.001  0.027  -0.021  0.000372828  0.0268608  0.0937
148   102.32  0.109  -0.072  0.078  -0.077  0.9782  0.003  -0.001  0.027  -0.021  0.000408202  0.028308  0.0937
149   100.76  0.109  -0.072  0.078  -0.077  0.9699  0.003  -0.001  0.027  -0.021  0.000443576  0.0296508  0.0937
150   99.2    0.109  -0.072  0.078  -0.077  0.9617  0.002  -0.001  0.027  -0.021  0.00047895  0.0309  0.0937
151   97.6    0.109  -0.072  0.078  -0.077  0.9529  0.002  -0.001  0.027  -0.021  0.00052326  0.0323  0.0937
152   96.1    0.108  -0.073  0.078  -0.077  0.9441  0.003  -0.001  0.028  -0.021  0.00057285  0.0335  0.0937
153   94.6    0.109  -0.072  0.077  -0.077  0.9353  0.003  -0.001  0.028  -0.021  0.00062626  0.0346  0.0937
154   93.1    0.108  -0.072  0.077  -0.077  0.9266  0.003  -0.001  0.028  -0.021  0.00068322  0.0354  0.0937
155   91.7    0.108  -0.073  0.077  -0.077  0.918  0.003  -0  0.028  -0.021  0.00074672  0.0359  0.0937
156   90.2    0.109  -0.073  0.077  -0.077  0.9095  0.003  -0.001  0.028  -0.021  0.00080775  0.0359  0.0937
157   88.7    0.109  -0.073  0.077  -0.077  0.9013  0.002  -0.001  0.028  -0.021  0.0008804  0.0355  0.0937
158   87.3    0.109  -0.072  0.077  -0.078  0.8934  0.002  -0.001  0.028  -0.021  0.00096276  0.0339  0.0937
159   85.8    0.109  -0.072  0.077  -0.078  0.8859  0.001  -0.002  0.028  -0.021  0.0010458  0.0315  0.0937
160   84.5    0.109  -0.072  0.077  -0.078  0.8787  0.001  -0.002  0.028  -0.021  0.0011398  0.0278  0.0937
162   82.1    0.108  -0.071  0.077  -0.078  0.8676  0.001  -0.002  0.029  -0.021  0.00137572  0.0211  0.0937
164   79.8    0.105  -0.069  0.077  -0.079  0.8571  0.002  -0.001  0.029  -0.021  0.00165784  0.0184  0.0937
166   77.5    0.103  -0.068  0.077  -0.079  0.8453  0.002  -0.001  0.029  -0.021  0.002016  0.018  0.0937
168   75.2    0.102  -0.069  0.077  -0.08  0.8316  0.002  -0.001  0.029  -0.021  0.0024497  0.0187  0.0937
170   73      0.102  -0.07  0.077  -0.08  0.8173  0.002  -0.002  0.03  -0.021  0.0030098  0.0202  0.0937
172   70.9    0.102  -0.069  0.077  -0.08  0.8029  0.002  -0.001  0.03  -0.021  0.0037682  0.0227  0.0937
174   68.8    0.102  -0.069  0.077  -0.08  0.7885  0.002  -0.001  0.03  -0.021  0.0047946  0.0262  0.0937
176   66.9    0.103  -0.067  0.077  -0.08  0.7744  0.002  -0.001  0.03  -0.021  0.00628  0.0314  0.0937
178   65      0.103  -0.067  0.077  -0.08  0.7609  0.001  -0.002  0.03  -0.021  0.0085715  0.0395  0.0937
180   63.1    0.103  -0.067  0.077  -0.08  0.748  0  -0.003  0.031  -0.021  0.0128691  0.0543  0.0937
182   61.4    0.102  -0.066  0.077  -0.08  0.7361  0.001  -0.002  0.031  -0.021  0.0215847  0.0827  0.0937
184   59.8    0.098  -0.069  0.077  -0.08  0.7248  0.003  -0.002  0.031  -0.02  0.035746  0.122  0.0937
186   58.3    0.096  -0.07  0.077  -0.08  0.7139  0.003  -0.001  0.031  -0.02  0.05005  0.154  0.0937
188   56.7    0.096  -0.071  0.077  -0.08  0.7032  0.002  -0.002  0.032  -0.02  0.063368  0.178  0.0937
190   55.2    0.096  -0.07  0.077  -0.08  0.6925  0.001  -0.002  0.032  -0.02  0.075648  0.197  0.0937
192   53.84   0.096  -0.071  0.077  -0.08  0.6812  0.001  -0.003  0.032  -0.02  0.0861588  0.209327  0.0937
194   52.48   0.095  -0.071  0.077  -0.08  0.6699  0.001  -0.004  0.032  -0.02  0.0966696  0.220104  0.0937
196   51.16   0.095  -0.072  0.077  -0.08  0.6587  0.001  -0.004  0.032  -0.02  0.106861  0.22902  0.0937
198   49.88   0.094  -0.071  0.078  -0.08  0.6478  0.001  -0.003  0.033  -0.02  0.116732  0.236395  0.0937
200   48.6    0.094  -0.072  0.078  -0.08  0.6371  0.001  -0.002  0.033  -0.02  0.126603  0.243  0.0937
202   47.48   0.093  -0.072  0.078  -0.08  0.6267  0.001  -0.003  0.033  -0.02  0.136024  0.247586  0.0937
204   46.36   0.093  -0.072  0.078  -0.08  0.6164  0.001  -0.003  0.033  -0.02  0.145444  0.251721  0.0937
206   45.24   0.092  -0.073  0.077  -0.08  0.6064  0.001  -0.003  0.033  -0.02  0.154865  0.255468  0.0937
208   44.12   0.092  -0.073  0.077  -0.08  0.5965  0.001  -0.003  0.034  -0.02  0.164285  0.25888  0.0937
210   43      0. 092  -0.072  0.077  -0.08  0.5869  0.001  -0.003  0.034  -0.02  0.173706  0.262  0.0937
212   42.04   0.092  -0.073  0.077  -0.08  0.5775  0.001  -0.004  0.034  -0.02  0.183628  0.264593  0.0937
214   41.08   0.092  -0.073  0.077  -0.08  0.5684  0.001  -0.004  0.034  -0.02  0.193549  0.266964  0.0937
216   40.12   0.091  -0.072  0.078  -0.081  0.5594  0.001  -0.004  0.035  -0.02  0.203471  0.269141  0.0937
218   39.16   0.091  -0.072  0.078  -0.081  0.5506  0  -0.004  0.035  -0.02  0.213392  0.271147  0.0937
220   38.2    0.09  -0.073  0.078  -0.081  0.542  0  -0.004  0.035  -0.02  0.223314  0.273  0.0937
222   37.4    0.09  -0.073  0.078  -0.081  0.5335  0  -0.004  0.035  -0.02  0.234116  0.274398  0.0937
224   36.6    0.089  -0.073  0.078  -0.081  0.5252  0.001  -0.004  0.035  -0.02  0.244919  0.275685  0.0937
226   35.8    0.089  -0.073  0.078  -0.081  0.517  0.001  -0.004  0.036  -0.02  0.255721  0.276874  0.0937
228   35      0.088  -0.073  0.078  -0.081  0.5089  0.001  -0.004  0.036  -0.02  0.266524  0.277976  0.0937
230   34.2    0.088  -0.073  0.078  -0.081  0.5011  0.001  -0.004  0.036  -0.02  0.277326  0.279  0.0937
232   33.5    0.088  -0.073  0.078  -0.081  0.4934  0.001  -0.004  0.036  -0.02  0.289453  0.280152  0.0937
234   32.8    0.088  -0.073  0.078  -0.081  0.4859  0.001  -0.005  0.037  -0.02  0.30158  0.281219  0.0937
236   32.1    0.088  -0.073  0.079  -0.082  0.4785  0.001  -0.005  0.037  -0.02  0.313706  0.282212  0.0937
238   31.4    0.088  -0.073  0.079  -0.082  0.4712  0.001  -0.005  0.037  -0.02  0.325833  0.283136  0.0937
240   30.7    0.089  -0.072  0.079  -0.082  0.4641  0.001  -0.005  0.037  -0.02  0.33796  0.284  0.0937
242   30.1    0.088  -0.073  0.079  -0.082  0.4572  0.001  -0.005  0.037  -0.02  0.35102  0.284457  0.0937
244   29.5    0.088  -0.073  0.079  -0.082  0.4503  0.001  -0.006  0.038  -0.02  0.36408  0.284883  0.0937
246   28.9    0.087  -0.073  0.079  -0.082  0.4436  0.001  -0.006  0.038  -0.02  0.37714  0.28528  0.0937
248   28.3    0.086  -0.074  0.079  -0.082  0.4369  0.001  -0.006  0.038  -0.02  0.3902  0.285652  0.0937
250   27.7    0.086  -0.074  0.079  -0.082  0.4304  0.001  -0.006  0.038  -0.02  0.40326  0.286  0.0937
252   27.18   0.085  -0.074  0.079  -0.082  0.4239  0.002  -0.006  0.038  -0.02  0.418308  0.286905  0.0937
254   26.66   0.085  -0.075  0.079  -0.082  0.4174  0.002  -0.005  0.039  -0.02  0.433356  0.287753  0.0937
256   26.14   0.083  -0.075  0.08  -0.083  0.4111  0.003  -0.005  0.039  -0.02  0.448404  0.288548  0.0937
258   25.62   0.083  -0.076  0.08  -0.083  0.4049  0.003  -0.004  0.039  -0.02  0.463452  0.289296  0.0937
260   25.1    0.083  -0.076  0.08  -0.083  0.3988  0.003  -0.004  0.039  -0.02  0.4785  0.29  0.0937
262   24.64   0.083  -0.076  0.08  -0.083  0.3931  0.003  -0.004  0.04  -0.02  0.495312  0.290676  0.0937
264   24.18   0.083  -0.076  0.08  -0.083  0.3875  0.002  -0.005  0.04  -0.02  0.512124  0.291311  0.0937
266   23.72   0.082  -0.076  0.08  -0.083  0.3821  0.002  -0.005  0.04  -0.02  0.528936  0.291907  0.0937
268   23.26   0.082  -0.076  0.08  -0.083  0.3767  0.002  -0.005  0.04  -0.02  0.545748  0.292469  0.0937
270   22.8    0.082  -0.075  0.08  -0.083  0.3715  0.001  -0.006  0.04  -0.02  0.56256  0.293  0.0937
272   22.4    0.082  -0.076  0.08  -0.083  0.3663  0.001  -0.006  0.041  -0.02  0.580438  0.293447  0.0937
274   22      0.081  -0.076  0.08  -0.083  0.3611  0.001  -0.006  0.041  -0.02  0.598316  0.293868  0.0937
276   21.6    0.081  -0.077  0.081  -0.083  0.356  0.002  -0.006  0.041  -0.02  0.616194  0.294266  0.0937
278   21.2    0.08  -0.078  0.081  -0.083  0.351  0.002  -0.007  0.041  -0.02  0.634072  0.294643  0.0937
280   20.8    0.079  -0.079  0.081  -0.083  0.3461  0.002  -0.007  0.042  -0.02  0.65195  0.295  0.0937
282   20.46   0.079  -0.079  0.081  -0.083  0.3413  0.002  -0.007  0.042  -0.02  0.671842  0.295445  0.0937
284   20.12   0.079  -0.079  0.081  -0.083  0.3365  0.002  -0.007  0.042  -0.02  0.691734  0.295866  0.0937
286   19.78   0.079  -0.078  0.081  -0.084  0.3318  0.002  -0.007  0.042  -0.02  0.711626  0.296264  0.0937
288   19.44   0.08  -0.077  0.081  -0.084  0.3271  0.002  -0.007  0.042  -0.02  0.731518  0.296642  0.0937
290   19.1    0.08  -0.077  0.081  -0.084  0.3226  0.002  -0.007  0.043  -0.02  0.75141  0.297  0.0937
295   18.35   0.084  -0.073  0.082  -0.084  0.3116  0.002  -0.007  0.043  -0.02  0.806205  0.298594  0.0937
300   17.6    0.086  -0.071  0.082  -0.084  0.3011  0.002  -0.008  0.044  -0.02  0.861  0.3  0.0937
305   16.95   0.086  -0.071  0.082  -0.084  0.2908  0.002  -0.008  0.044  -0.02  0.91823  0.301059  0.0937
310   16.3    0.085  -0.072  0.082  -0.085  0.2809  0.003  -0.008  0.045  -0.02  0.97546  0.302  0.0937
315   15.75   0.085  -0.073  0.083  -0.085  0.2716  0.003  -0.008  0.045  -0.02  1.03768  0.302529  0.0937
320   15.2    0.086  -0.072  0.083  -0.085  0.2627  0.003  -0.007  0.046  -0.019  1.09989  0.303  0.0937
325   14.7    0.087  -0.073  0.083  -0.085  0.2539  0.003  -0.008  0.046  -0.019  1.16504  0.303  0.0937
330   14.2    0.088  -0.073  0.084  -0.086  0.2453  0.003  -0.009  0.047  -0.019  1.23018  0.303  0.0937
335   13.8    0.09  -0.071  0.084  -0.086  0.2368  0.003  -0.009  0.048  -0.019  1.29684  0.303  0.0937
340   13.5    0.096  -0.067  0.085  -0.086  0.2286  0.003  -0.009  0.048  -0.019  1.35598  0.302  0.0937
345   13.1    0.11  -0.061  0.085  -0.087  0.2206  0.003  -0.01  0.049  -0.019  1.41128  0.299  0.0937
350   13.1    0.111  -0.062  0.086  -0.087  0.2132  0.003  -0.01  0.049  -0.019  1.48649  0.281  0.0937
360   12.6    0.108  -0.059  0.086  -0.087  0.2018  0.003  -0.011  0.05  -0.019  1.666  0.238  0.0937
370   12      0.095  -0.063  0.086  -0.088  0.191  0.004  -0.011  0.051  -0.019  1.8816  0.21  0.0937
380   11.2    0.085  -0.069  0.086  -0.087  0.1808  0.004  -0.011  0.052  -0.019  2.109  0.19  0.0937
390   10.4    0.076  -0.073  0.088  -0.087  0.1712  0.004  -0.011  0.053  -0.019  2.3541  0.177  0.0937
400   9.59    0.068  -0.077  0.089  -0.087  0.162  0.004  -0.012  0.055  -0.019  2.604  0.168  0.0937
420   8.04    0.058  -0.082  0.091  -0.087  0.1451  0.005  -0.012  0.057  -0.019  3.1668  0.156  0.0937
440   6.67    0.064  -0.084  0.093  -0.088  0.1304  0.006  -0.013  0.059  -0.019  3.8052  0.151  0.0937
460   5.49    0.07  -0.084  0.094  -0.088  0.1171  0.006  -0.014  0.061  -0.018  4.4998  0.149  0.0937
480   4.5     0.076  -0.085  0.095  -0.089  0.1054  0.006  -0.015  0.063  -0.018  5.295  0.15  0.0937
500   3.7     0.08  -0.086  0.097  -0.09  0.09497  0.007  -0.016  0.066  -0.018  6.1306  0.151  0.0937
520   3.124   0.083  -0.086  0.098  -0.091  0.08568  0.007  -0.017  0.068  -0.018  7.15092  0.154782  0.0937
540   2.548   0.085  -0.085  0.099  -0.092  0.07746  0.008  -0.017  0.07  -0.018  8.17124  0.157746  0.0937
560   2.088   0.087  -0.085  0.1  -0.093  0.0701  0.008  -0.018  0.072  -0.018  9.30774  0.161425  0.0937
580   1.744   0.089  -0.084  0.102  -0.094  0.06353  0.009  -0.019  0.074  -0.017  10.5604  0.165576  0.0937
600   1.4     0.09  -0.083  0.104  -0.096  0.05771  0.01  -0.02  0.076  -0.017  11.8131  0.169  0.0937
