   110 199 0.125 -0.082 0.079 -0.071 0.0 0.0 0.0 0.0 0.0 2.15376e-05 0.000583 0.0937 0.942159 1.49611 0.981451
 110.5 197.072 0.125 -0.082 0.079 -0.071 0.0 0.0 0.0 0.0 0.0 2.31036e-05 0.000627049 0.0937 0.942364 1.49586 0.981363
   111 195.171 0.124 -0.082 0.079 -0.071 0.0 0.0 0.0 0.0 0.0 2.47754e-05 0.000674649 0.0937 0.942571 1.49559 0.981276
 111.5 193.297 0.124 -0.082 0.079 -0.071 0.0 0.0 0.0 0.0 0.0 2.65591e-05 0.000726002 0.0937 0.942778 1.49531 0.98119
   112 191.448 0.124 -0.082 0.079 -0.071 0.0 0.0 0.0 0.0 0.0 2.8461e-05 0.000781312 0.0937 0.942987 1.49501 0.981105
 112.5 189.625 0.123 -0.081 0.079 -0.071 0.0 0.0 0.0 0.0 0.0 3.04876e-05 0.000840781 0.0937 0.943197 1.4947 0.981021
   113 187.827 0.123 -0.081 0.079 -0.072 0.0 0.0 0.0 0.0 0.0 3.26456e-05 0.000904613 0.0937 0.943408 1.49436 0.980938
 113.5 186.053 0.123 -0.081 0.079 -0.072 0.0 0.0 0.0 0.0 0.0 3.49418e-05 0.00097301 0.0937 0.94362 1.49401 0.980856
   114 184.304 0.122 -0.081 0.079 -0.072 0.0 0.0 0.0 0.0 0.0 3.73833e-05 0.00104618 0.0937 0.943834 1.49364 0.980775
 114.5 182.578 0.121 -0.081 0.079 -0.072 0.0 0.0 0.0 0.0 0.0 3.99774e-05 0.00112431 0.0937 0.944049 1.49325 0.980696
   115 180.875 0.121 -0.081 0.079 -0.072 0.0 0.0 0.0 0.0 0.0 4.27316e-05 0.00120763 0.0937 0.944266 1.49284 0.980617
 115.5 179.195 0.121 -0.081 0.079 -0.072 0.0 0.0 0.0 0.0 0.0 4.56536e-05 0.00129631 0.0937 0.944485 1.49241 0.98054
   116 177.536 0.121 -0.081 0.079 -0.072 0.0 0.0 0.0 0.0 0.0 4.87513e-05 0.00139058 0.0937 0.944705 1.49196 0.980465
 116.5 175.899 0.12 -0.081 0.079 -0.072 0.0 0.0 0.0 0.0 0.0 5.20328e-05 0.00149064 0.0937 0.944926 1.49148 0.980391
   117 174.283 0.12 -0.08 0.079 -0.072 0.0 0.0 0.0 0.0 0.0 5.55067e-05 0.00159668 0.0937 0.94515 1.49098 0.980318
 117.5 172.688 0.12 -0.079 0.079 -0.072 0.0 0.0 0.0 0.0 0.0 5.91815e-05 0.00170891 0.0937 0.945375 1.49046 0.980246
   118 171.112 0.12 -0.079 0.078 -0.072 0.0 0.0 0.0 0.0 0.0 6.30662e-05 0.00182753 0.0937 0.945602 1.48991 0.980176
 118.5 169.556 0.12 -0.079 0.078 -0.072 0.0 0.0 0.0 0.0 0.0 6.717e-05 0.00195275 0.0937 0.945831 1.48934 0.980108
   119 168.019 0.119 -0.079 0.078 -0.072 0.0 0.0 0.0 0.0 0.0 7.15023e-05 0.00208476 0.0937 0.946063 1.48874 0.980041
 119.5 166.5 0.119 -0.079 0.078 -0.072 0.0 0.0 0.0 0.0 0.0 7.6073e-05 0.00222378 0.0937 0.946296 1.48812 0.979975
   120 165 0.119 -0.079 0.078 -0.072 0.0 0.0 0.0 0.0 0.0 8.0892e-05 0.00237 0.0937 0.946531 1.48747 0.979912
 120.5 163.492 0.119 -0.079 0.078 -0.072 0.0 0.0 0.0 0.0 0.0 8.57371e-05 0.00252078 0.0937 0.946768 1.48682 0.979848
   121 162.001 0.119 -0.079 0.078 -0.072 0.0 0.0 0.0 0.0 0.0 9.08494e-05 0.00267921 0.0937 0.947008 1.48614 0.979786
 121.5 160.528 0.118 -0.079 0.078 -0.072 0.0 0.0 0.0 0.0 0.0 9.62433e-05 0.00284554 0.0937 0.947249 1.48543 0.979725
   122 159.072 0.118 -0.079 0.078 -0.072 0.0 0.0 0.0 0.0 0.0 0.000101934 0.00302002 0.0937 0.947493 1.48469 0.979667
 122.5 157.633 0.118 -0.078 0.078 -0.073 0.0 0.0 0.0 0.0 0.0 0.000107937 0.00320288 0.0937 0.94774 1.48392 0.97961
   123 156.21 0.117 -0.078 0.078 -0.073 0.0 0.0 0.0 0.0 0.0 0.000114268 0.00339439 0.0937 0.947989 1.48311 0.979556
 123.5 154.805 0.117 -0.078 0.078 -0.073 0.0 0.0 0.0 0.0 0.0 0.000120944 0.00359477 0.0937 0.948241 1.48227 0.979504
   124 153.416 0.117 -0.078 0.078 -0.073 0.0 0.0 0.0 0.0 0.0 0.000127982 0.00380429 0.0937 0.948495 1.48139 0.979453
 124.5 152.044 0.117 -0.078 0.078 -0.073 0.0 0.0 0.0 0.0 0.0 0.000135401 0.00402318 0.0937 0.948753 1.48047 0.979406
   125 150.688 0.117 -0.078 0.078 -0.073 0.0 0.0 0.0 0.0 0.0 0.000143218 0.00425169 0.0937 0.949013 1.47952 0.97936
 125.5 149.348 0.117 -0.078 0.078 -0.073 0.0 0.0 0.0 0.0 0.0 0.000151454 0.00449006 0.0937 0.949276 1.47852 0.979317
   126 148.024 0.116 -0.078 0.078 -0.073 0.0 0.0 0.0 0.0 0.0 0.000160128 0.00473855 0.0937 0.949542 1.47749 0.979276
 126.5 146.716 0.116 -0.078 0.078 -0.073 0.0 0.0 0.0 0.0 0.0 0.000169262 0.0049974 0.0937 0.949811 1.47641 0.979238
   127 145.424 0.116 -0.078 0.078 -0.073 0.0 0.0 0.0 0.0 0.0 0.000178876 0.00526685 0.0937 0.950083 1.47529 0.979203
 127.5 144.148 0.115 -0.078 0.078 -0.074 0.0 0.0 0.0 0.0 0.0 0.000188993 0.00554715 0.0937 0.950359 1.47412 0.97917
   128 142.888 0.115 -0.077 0.078 -0.074 0.0 0.0 0.0 0.0 0.0 0.000199637 0.00583854 0.0937 0.950637 1.47291 0.97914
 128.5 141.643 0.115 -0.077 0.078 -0.074 0.0 0.0 0.0 0.0 0.0 0.000210831 0.00614128 0.0937 0.95092 1.47166 0.979112
   129 140.413 0.115 -0.077 0.078 -0.074 0.0 0.0 0.0 0.0 0.0 0.000222602 0.00645561 0.0937 0.951205 1.47035 0.979088
 129.5 139.199 0.113 -0.077 0.078 -0.074 0.0 0.0 0.0 0.0 0.0 0.000234974 0.00678176 0.0937 0.951494 1.469 0.979067
   130 138 0.113 -0.077 0.078 -0.074 0.0 0.0 0.0 0.0 0.0 0.000247976 0.00712 0.0937 0.951787 1.46759 0.979048
 130.5 136.854 0.113 -0.076 0.078 -0.074 0.0 0.0 0.0 0.0 0.0 0.000261217 0.00748395 0.0937 0.952082 1.46616 0.979031
   131 135.722 0.113 -0.076 0.078 -0.074 0.0 0.0 0.0 0.0 0.0 0.000275132 0.00786028 0.0937 0.95238 1.46468 0.979017
 131.5 134.604 0.113 -0.077 0.078 -0.074 0.0 0.0 0.0 0.0 0.0 0.000289758 0.00824901 0.0937 0.952683 1.46314 0.979007
   132 133.499 0.113 -0.077 0.078 -0.074 0.0 0.0 0.0 0.0 0.0 0.000305132 0.00865021 0.0937 0.952989 1.46154 0.979
 132.5 132.406 0.112 -0.075 0.078 -0.074 0.0 0.0 0.0 0.0 0.0 0.000321296 0.00906391 0.0937 0.953299 1.45989 0.978996
   133 131.325 0.112 -0.075 0.078 -0.075 0.0 0.0 0.0 0.0 0.0 0.00033829 0.00949015 0.0937 0.953614 1.45818 0.978996
 133.5 130.254 0.112 -0.075 0.078 -0.075 0.0 0.0 0.0 0.0 0.0 0.00035616 0.00992899 0.0937 0.953933 1.45641 0.979
   134 129.194 0.111 -0.076 0.078 -0.075 0.0 0.0 0.0 0.0 0.0 0.000374951 0.0103805 0.0937 0.954256 1.45457 0.979007
 134.5 128.142 0.111 -0.076 0.078 -0.075 0.0 0.0 0.0 0.0 0.0 0.000394712 0.0108446 0.0937 0.954584 1.45267 0.979019
   135 127.1 0.111 -0.076 0.078 -0.075 0.0 0.0 0.0 0.0 0.0 0.000415494 0.0113215 0.0937 0.954916 1.45071 0.979034
 135.5 126.066 0.111 -0.076 0.078 -0.075 0.0 0.0 0.0 0.0 0.0 0.000437351 0.0118112 0.0937 0.955253 1.44867 0.979054
   136 125.038 0.111 -0.076 0.078 -0.075 0.0 0.0 0.0 0.0 0.0 0.000460338 0.0123136 0.0937 0.955595 1.44657 0.979077
 136.5 124.018 0.111 -0.075 0.078 -0.075 0.0 0.0 0.0 0.0 0.0 0.000484514 0.0128289 0.0937 0.955942 1.4444 0.979105
   137 123.003 0.111 -0.075 0.078 -0.075 0.0 0.0 0.0 0.0 0.0 0.000509942 0.0133572 0.0937 0.956294 1.44216 0.979138
 137.5 121.994 0.109 -0.076 0.078 -0.074 0.0 0.0 0.0 0.0 0.0 0.000536686 0.0138983 0.0937 0.956651 1.43984 0.979175
   138 120.989 0.11 -0.074 0.078 -0.075 0.0 0.0 0.0 0.0 0.0 0.000564813 0.0144525 0.0937 0.957013 1.43745 0.979217
 138.5 119.988 0.11 -0.074 0.078 -0.075 0.0 0.0 0.0 0.0 0.0 0.000594396 0.0150197 0.0937 0.95738 1.43498 0.979263
   139 118.99 0.11 -0.074 0.078 -0.075 0.0 0.0 0.0 0.0 0.0 0.000625509 0.0156 0.0937 0.957753 1.43243 0.979314
 139.5 117.994 0.11 -0.074 0.078 -0.075 0.0 0.0 0.0 0.0 0.0 0.000658229 0.0161934 0.0937 0.958131 1.42981 0.979371
   140 117 0.11 -0.074 0.078 -0.075 0.0 0.0 0.0 0.0 0.0 0.00069264 0.0168 0.0937 0.958515 1.4271 0.979432
   141 114.891 0.11 -0.074 0.078 -0.075 0.0 0.0 0.0 0.0 0.0 0.000763198 0.018091 0.0937 0.959276 1.42171 0.979557
   142 112.826 0.11 -0.074 0.078 -0.075 0.0 0.0 0.0 0.0 0.0 0.000842674 0.0194213 0.0937 0.96007 1.41588 0.979708
   143 110.814 0.109 -0.074 0.078 -0.076 0.0 0.0 0.0 0.0 0.0 0.000932576 0.0207861 0.0937 0.9609 1.40955 0.979888
   144 108.869 0.109 -0.074 0.078 -0.076 0.0 0.0 0.0 0.0 0.0 0.00103461 0.0221806 0.0937 0.961772 1.40268 0.980099
   145 107 0.109 -0.074 0.078 -0.076 0.0 0.0 0.0 0.0 0.0 0.00115072 0.0236 0.0937 0.962689 1.3952 0.980344
   146 105.375 0.109 -0.074 0.078 -0.076 0.0 0.0 0.0 0.0 0.0 0.00128452 0.0250636 0.0937 0.963654 1.38691 0.980634
   147 103.809 0.109 -0.074 0.078 -0.076 0.0 0.0 0.0 0.0 0.0 0.00143682 0.0265364 0.0937 0.964673 1.37797 0.980962
   148 102.277 0.109 -0.072 0.078 -0.077 0.0 0.0 0.0 0.0 0.0 0.00161005 0.0280073 0.0937 0.965752 1.36835 0.981327
   149 100.75 0.109 -0.072 0.078 -0.077 0.0 0.0 0.0 0.0 0.0 0.00180692 0.0294655 0.0937 0.966895 1.35805 0.981731
   150 99.2 0.109 -0.072 0.078 -0.077 0.0 0.0 0.0 0.0 0.0 0.0020305 0.0309 0.0937 0.968107 1.34705 0.982174
   151 97.6 0.109 -0.072 0.078 -0.077 0.0 0.0 0.0 0.0 0.0 0.0022842 0.0323 0.0937 0.969394 1.33535 0.982656
   152 96.1 0.108 -0.073 0.078 -0.077 0.0 0.0 0.0 0.0 0.0 0.0025992 0.0335 0.0937 0.970712 1.32275 0.983236
   153 94.6 0.109 -0.072 0.077 -0.077 0.0 0.0 0.0 0.0 0.0 0.0029684 0.0346 0.0937 0.972138 1.3087 0.983865
   154 93.1 0.108 -0.072 0.077 -0.077 0.0 0.0 0.0 0.0 0.0 0.0034161 0.0354 0.0937 0.973682 1.2933 0.984591
   155 91.7 0.108 -0.073 0.077 -0.077 0.0 0.0 0.0 0.0 0.0 0.0039936 0.0359 0.0937 0.975345 1.27605 0.985416
   156 90.2 0.109 -0.073 0.077 -0.077 0.0 0.0 0.0 0.0 0.0 0.004725 0.0359 0.0937 0.977119 1.25605 0.986339
   157 88.7 0.109 -0.073 0.077 -0.077 0.0 0.0 0.0 0.0 0.0 0.0056296 0.0355 0.0937 0.979118 1.23525 0.987411
   158 87.3 0.109 -0.072 0.077 -0.078 0.0 0.0 0.0 0.0 0.0 0.0071 0.0339 0.0937 0.98158 1.20855 0.988777
   159 85.8 0.109 -0.072 0.077 -0.078 0.0 0.0 0.0 0.0 0.0 0.00913 0.0315 0.0937 0.984166 1.17975 0.990246
   160 84.5 0.109 -0.072 0.077 -0.078 0.0 0.0 0.0 0.0 0.0 0.012505 0.0278 0.0937 0.987005 1.1461 0.991965
   162 82.1 0.108 -0.071 0.077 -0.078 0.0 0.0 0.0 0.0 0.0 0.0227548 0.0211 0.0937 0.991731 1.09495 0.994728
   164 79.8 0.105 -0.069 0.077 -0.079 0.0 0.0 0.0 0.0 0.0 0.033337 0.0184 0.0937 0.993936 1.0703 0.996056
   166 77.5 0.103 -0.068 0.077 -0.079 0.0 0.0 0.0 0.0 0.0 0.042672 0.018 0.0937 0.995054 1.058 0.996716
   168 75.2 0.102 -0.069 0.077 -0.08 0.0 0.0 0.0 0.0 0.0 0.050697 0.0187 0.0937 0.995735 1.05015 0.997103
   170 73 0.102 -0.07 0.077 -0.08 0.0 0.0 0.0 0.0 0.0 0.058408 0.0202 0.0937 0.99621 1.0449 0.997372
   172 70.9 0.102 -0.069 0.077 -0.08 0.0 0.0 0.0 0.0 0.0 0.06557 0.0227 0.0937 0.996567 1.04115 0.997571
   174 68.8 0.102 -0.069 0.077 -0.08 0.0 0.0 0.0 0.0 0.0 0.072651 0.0262 0.0937 0.996847 1.0384 0.997725
   176 66.9 0.103 -0.067 0.077 -0.08 0.0 0.0 0.0 0.0 0.0 0.0798 0.0314 0.0937 0.997088 1.0358 0.997855
   178 65 0.103 -0.067 0.077 -0.08 0.0 0.0 0.0 0.0 0.0 0.087017 0.0395 0.0937 0.997297 1.03375 0.997969
   180 63.1 0.103 -0.067 0.077 -0.08 0.0 0.0 0.0 0.0 0.0 0.095274 0.0543 0.0937 0.997495 1.03185 0.998079
   182 61.4 0.102 -0.066 0.077 -0.08 0.0 0.0 0.0 0.0 0.0 0.105444 0.0827 0.0937 0.997704 1.02865 0.998208
   184 59.8 0.098 -0.069 0.077 -0.08 0.0 0.0 0.0 0.0 0.0 0.118958 0.122 0.0937 0.997936 1.026 0.998353
   186 58.3 0.096 -0.07 0.077 -0.08 0.0 0.0 0.0 0.0 0.0 0.132275 0.154 0.0937 0.998122 1.0245 0.998467
   188 56.7 0.096 -0.071 0.077 -0.08 0.0 0.0 0.0 0.0 0.0 0.144892 0.178 0.0937 0.998272 1.024 0.998562
   190 55.2 0.096 -0.07 0.077 -0.08 0.0 0.0 0.0 0.0 0.0 0.157056 0.197 0.0937 0.998378 1.0215 0.998627
   192 53.7462 0.096 -0.071 0.077 -0.08 0.0 0.0 0.0 0.0 0.0 0.169003 0.211 0.0937 0.99847 1.02031 0.998682
   194 52.4291 0.095 -0.071 0.077 -0.08 0.0 0.0 0.0 0.0 0.0 0.179981 0.221 0.0937 0.998557 1.02063 0.99873
   196 51.1424 0.095 -0.072 0.077 -0.08 0.0 0.0 0.0 0.0 0.0 0.190914 0.229296 0.0937 0.998634 1.02076 0.998771
   198 49.8528 0.094 -0.071 0.078 -0.08 0.0 0.0 0.0 0.0 0.0 0.202223 0.236792 0.0937 0.998701 1.02017 0.998806
   200 48.6 0.094 -0.072 0.078 -0.08 0.0 0.0 0.0 0.0 0.0 0.21361 0.243 0.0937 0.99876 1.0195 0.998836
   202 47.4006 0.093 -0.072 0.078 -0.08 0.0 0.0 0.0 0.0 0.0 0.225085 0.248285 0.0937 0.998814 1.01888 0.998864
   204 46.2435 0.093 -0.072 0.078 -0.08 0.0 0.0 0.0 0.0 0.0 0.236681 0.252686 0.0937 0.998862 1.01826 0.998889
   206 45.1261 0.092 -0.073 0.077 -0.08 0.0 0.0 0.0 0.0 0.0 0.248425 0.256346 0.0937 0.998905 1.01765 0.998912
   208 44.0458 0.092 -0.073 0.077 -0.08 0.0 0.0 0.0 0.0 0.0 0.260351 0.259403 0.0937 0.998944 1.01706 0.998932
   210 43 0.092 -0.072 0.077 -0.08 0.0 0.0 0.0 0.0 0.0 0.272493 0.262 0.0937 0.998981 1.0165 0.998951
   212 41.976 0.092 -0.073 0.077 -0.08 0.0 0.0 0.0 0.0 0.0 0.284967 0.264744 0.0937 0.999017 1.01604 0.998969
   214 40.984 0.092 -0.073 0.077 -0.08 0.0 0.0 0.0 0.0 0.0 0.297722 0.267192 0.0937 0.999051 1.01561 0.998986
   216 40.024 0.091 -0.072 0.078 -0.081 0.0 0.0 0.0 0.0 0.0 0.310775 0.269368 0.0937 0.999082 1.01521 0.999002
   218 39.096 0.091 -0.072 0.078 -0.081 0.0 0.0 0.0 0.0 0.0 0.324141 0.271296 0.0937 0.999112 1.01484 0.999017
   220 38.2 0.09 -0.073 0.078 -0.081 0.0 0.0 0.0 0.0 0.0 0.337834 0.273 0.0937 0.999141 1.0145 0.999031
   222 37.3456 0.09 -0.073 0.078 -0.081 0.0 0.0 0.0 0.0 0.0 0.351902 0.274472 0.0937 0.999168 1.01416 0.999045
   224 36.5208 0.089 -0.073 0.078 -0.081 0.0 0.0 0.0 0.0 0.0 0.366303 0.275776 0.0937 0.999195 1.01384 0.999059
   226 35.7232 0.089 -0.073 0.078 -0.081 0.0 0.0 0.0 0.0 0.0 0.381037 0.276944 0.0937 0.999219 1.01354 0.999072
   228 34.9504 0.088 -0.073 0.078 -0.081 0.0 0.0 0.0 0.0 0.0 0.396107 0.278008 0.0937 0.999243 1.01326 0.999084
   230 34.2 0.088 -0.073 0.078 -0.081 0.0 0.0 0.0 0.0 0.0 0.411516 0.279 0.0937 0.999266 1.013 0.999096
   232 33.46 0.088 -0.073 0.078 -0.081 0.0 0.0 0.0 0.0 0.0 0.427236 0.280144 0.0937 0.999287 1.01279 0.999107
   234 32.74 0.088 -0.073 0.078 -0.081 0.0 0.0 0.0 0.0 0.0 0.443315 0.281232 0.0937 0.999307 1.0126 0.999117
   236 32.04 0.088 -0.073 0.079 -0.082 0.0 0.0 0.0 0.0 0.0 0.459768 0.282248 0.0937 0.999327 1.0124 0.999127
   238 31.36 0.088 -0.073 0.079 -0.082 0.0 0.0 0.0 0.0 0.0 0.476609 0.283176 0.0937 0.999346 1.01221 0.999136
   240 30.7 0.089 -0.072 0.079 -0.082 0.0 0.0 0.0 0.0 0.0 0.49385 0.284 0.0937 0.999364 1.012 0.999146
   242 30.0632 0.088 -0.073 0.079 -0.082 0.0 0.0 0.0 0.0 0.0 0.511652 0.28448 0.0937 0.999381 1.01171 0.999155
   244 29.4456 0.088 -0.073 0.079 -0.082 0.0 0.0 0.0 0.0 0.0 0.529849 0.28488 0.0937 0.999398 1.0114 0.999165
   246 28.8464 0.087 -0.073 0.079 -0.082 0.0 0.0 0.0 0.0 0.0 0.548417 0.28524 0.0937 0.999414 1.0111 0.999174
   248 28.2648 0.086 -0.074 0.079 -0.082 0.0 0.0 0.0 0.0 0.0 0.56733 0.2856 0.0937 0.999429 1.01079 0.999183
   250 27.7 0.086 -0.074 0.079 -0.082 0.0 0.0 0.0 0.0 0.0 0.58656 0.286 0.0937 0.999444 1.0105 0.999191
   252 27.1512 0.085 -0.074 0.079 -0.082 0.0 0.0 0.0 0.0 0.0 0.605753 0.286736 0.0937 0.999458 1.01024 0.999197
   254 26.6176 0.085 -0.075 0.079 -0.082 0.0 0.0 0.0 0.0 0.0 0.625277 0.287528 0.0937 0.999472 1.01001 0.999204
   256 26.0984 0.083 -0.075 0.08 -0.083 0.0 0.0 0.0 0.0 0.0 0.645187 0.288352 0.0937 0.999485 1.00981 0.999209
   258 25.5928 0.083 -0.076 0.08 -0.083 0.0 0.0 0.0 0.0 0.0 0.665541 0.289184 0.0937 0.999497 1.00964 0.999215
   260 25.1 0.083 -0.076 0.08 -0.083 0.0 0.0 0.0 0.0 0.0 0.6864 0.29 0.0937 0.999509 1.0095 0.999221
   262 24.616 0.083 -0.076 0.08 -0.083 0.0 0.0 0.0 0.0 0.0 0.708312 0.29068 0.0937 0.999521 1.00948 0.999227
   264 24.144 0.083 -0.076 0.08 -0.083 0.0 0.0 0.0 0.0 0.0 0.730751 0.29132 0.0937 0.999532 1.00949 0.999233
   266 23.684 0.082 -0.076 0.08 -0.083 0.0 0.0 0.0 0.0 0.0 0.753661 0.29192 0.0937 0.999543 1.00951 0.999239
   268 23.236 0.082 -0.076 0.08 -0.083 0.0 0.0 0.0 0.0 0.0 0.776978 0.29248 0.0937 0.999553 1.00952 0.999245
   270 22.8 0.082 -0.075 0.08 -0.083 0.0 0.0 0.0 0.0 0.0 0.80064 0.293 0.0937 0.999562 1.0095 0.999251
   272 22.376 0.082 -0.076 0.08 -0.083 0.0 0.0 0.0 0.0 0.0 0.824057 0.293448 0.0937 0.999572 1.00932 0.999255
   274 21.964 0.081 -0.076 0.08 -0.083 0.0 0.0 0.0 0.0 0.0 0.847794 0.293864 0.0937 0.99958 1.00911 0.999259
   276 21.564 0.081 -0.077 0.081 -0.083 0.0 0.0 0.0 0.0 0.0 0.871914 0.294256 0.0937 0.999589 1.00889 0.999263
   278 21.176 0.08 -0.078 0.081 -0.083 0.0 0.0 0.0 0.0 0.0 0.896482 0.294632 0.0937 0.999596 1.00868 0.999267
   280 20.8 0.079 -0.079 0.081 -0.083 0.0 0.0 0.0 0.0 0.0 0.92157 0.295 0.0937 0.999604 1.0085 0.999271
   282 20.4392 0.079 -0.079 0.081 -0.083 0.0 0.0 0.0 0.0 0.0 0.947809 0.295368 0.0937 0.999611 1.00847 0.999275
   284 20.0896 0.079 -0.079 0.081 -0.083 0.0 0.0 0.0 0.0 0.0 0.974594 0.295744 0.0937 0.999617 1.00846 0.999279
   286 19.7504 0.079 -0.078 0.081 -0.084 0.0 0.0 0.0 0.0 0.0 1.00186 0.296136 0.0937 0.999623 1.00848 0.999283
   288 19.4208 0.08 -0.077 0.081 -0.084 0.0 0.0 0.0 0.0 0.0 1.02953 0.296552 0.0937 0.999628 1.00849 0.999287
   290 19.1 0.08 -0.077 0.081 -0.084 0.0 0.0 0.0 0.0 0.0 1.05754 0.297 0.0937 0.999633 1.0085 0.999291
   295 18.325 0.084 -0.073 0.082 -0.084 0.0 0.0 0.0 0.0 0.0 1.12789 0.2985 0.0937 0.999643 1.00819 0.999299
   300 17.6 0.086 -0.071 0.082 -0.084 0.0 0.0 0.0 0.0 0.0 1.19966 0.3 0.0937 0.999649 1.008 0.999305
   305 16.925 0.086 -0.071 0.082 -0.084 0.0 0.0 0.0 0.0 0.0 1.272 0.301125 0.0937 0.999649 1.00847 0.999308
   310 16.3 0.085 -0.072 0.082 -0.085 0.0 0.0 0.0 0.0 0.0 1.34691 0.302 0.0937 0.999643 1.009 0.99931
   315 15.7312 0.085 -0.073 0.083 -0.085 0.0 0.0 0.0 0.0 0.0 1.42656 0.302625 0.0937 0.99963 1.00903 0.999316
   320 15.2 0.086 -0.072 0.083 -0.085 0.0 0.0 0.0 0.0 0.0 1.51008 0.303 0.0937 0.999605 1.009 0.99932
   325 14.675 0.087 -0.073 0.083 -0.085 0.0 0.0 0.0 0.0 0.0 1.59906 0.30305 0.0937 0.999569 1.00917 0.999322
   330 14.2 0.088 -0.073 0.084 -0.086 0.0 0.0 0.0 0.0 0.0 1.68896 0.303 0.0937 0.999503 1.0095 0.99932
   335 13.8 0.09 -0.071 0.084 -0.086 0.0 0.0 0.0 0.0 0.0 1.7762 0.303 0.0937 0.999397 1.01 0.999315
   340 13.5 0.096 -0.067 0.085 -0.086 0.0 0.0 0.0 0.0 0.0 1.85886 0.302 0.0937 0.999191 1.011 0.99931
   345 13.1 0.11 -0.061 0.085 -0.087 0.0 0.0 0.0 0.0 0.0 1.9352 0.299 0.0937 0.998184 1.016 0.999305
   350 13.1 0.111 -0.062 0.086 -0.087 0.0 0.0 0.0 0.0 0.0 2.04194 0.281 0.0937 0.992607 1.044 0.99933
   360 12.6 0.108 -0.059 0.086 -0.087 0.0 0.0 0.0 0.0 0.0 2.31 0.238 0.0937 0.979381 1.1115 0.999425
   370 12 0.095 -0.063 0.086 -0.088 0.0 0.0 0.0 0.0 0.0 2.5984 0.21 0.0937 0.970288 1.1585 0.999495
   380 11.2 0.085 -0.069 0.086 -0.087 0.0 0.0 0.0 0.0 0.0 2.9082 0.19 0.0937 0.964133 1.191 0.999553
   390 10.4 0.076 -0.073 0.088 -0.087 0.0 0.0 0.0 0.0 0.0 3.2319 0.177 0.0937 0.959797 1.2135 0.999597
   400 9.59 0.068 -0.077 0.089 -0.087 0.0 0.0 0.0 0.0 0.0 3.565 0.168 0.0937 0.956868 1.229 0.99963
   420 8.04 0.058 -0.082 0.091 -0.087 0.0 0.0 0.0 0.0 0.0 4.3442 0.156 0.0937 0.953234 1.249 0.99968
   440 6.67 0.064 -0.084 0.093 -0.088 0.0 0.0 0.0 0.0 0.0 5.166 0.151 0.0937 0.951338 1.259 0.999716
   460 5.49 0.07 -0.084 0.094 -0.088 0.0 0.0 0.0 0.0 0.0 6.0702 0.149 0.0937 0.95044 1.2635 0.999745
   480 4.5 0.076 -0.085 0.095 -0.089 0.0 0.0 0.0 0.0 0.0 7.06 0.15 0.0937 0.950174 1.2645 0.999768
   500 3.7 0.08 -0.086 0.097 -0.09 0.0 0.0 0.0 0.0 0.0 8.1606 0.151 0.0937 0.950358 1.2635 0.999786
   520 3.03811 0.083 -0.086 0.098 -0.091 0.0 0.0 0.0 0.0 0.0 9.32437 0.152971 0.0937 0.950807 1.2611 0.999803
   540 2.49345 0.085 -0.085 0.099 -0.092 0.0 0.0 0.0 0.0 0.0 10.6433 0.156745 0.0937 0.951382 1.25728 0.999816
   560 2.04944 0.087 -0.085 0.1 -0.093 0.0 0.0 0.0 0.0 0.0 12.0815 0.160872 0.0937 0.952117 1.25277 0.999829
   580 1.69008 0.089 -0.084 0.102 -0.094 0.0 0.0 0.0 0.0 0.0 13.6272 0.164824 0.0937 0.953004 1.24788 0.99984
   600 1.4 0.09 -0.083 0.104 -0.096 0.0 0.0 0.0 0.0 0.0 15.3081 0.169 0.0937 0.953994 1.2425 0.999851
   600 1.4 0.09 -0.083 0.104 -0.096 0.0 0.0 0.0 0.0 0.0 15.3081 0.169 0.0937 0.953994 1.2425 0.999851
